15 0.34408915 0.79570312 0.10670543 0.17634375
39 0.71133721 0.20983594 0.03736434 0.11889062
56 0.66416667 0.65555469 0.45344961 0.37848437
56 0.36218023 0.58042969 0.23067829 0.30342188
56 0.94958333 0.60867969 0.08176357 0.32832812
60 0.66685078 0.41705469 0.46986434 0.08470312
0 0.87005814 0.28845313 0.17798450 0.26043750
67 0.82944767 0.41357031 0.07118217 0.02289062
41 0.57333333 0.37714844 0.04120155 0.04260938
63 0.69091085 0.33146875 0.22197674 0.11409375
75 0.85832364 0.14630469 0.09125969 0.05885938
26 0.35654070 0.25683594 0.09862403 0.23770312
56 0.95733527 0.38973438 0.08129845 0.13109375
58 0.82447674 0.09992188 0.16655039 0.14262500
72 0.53375000 0.19438281 0.27594961 0.38876563
41 0.95999031 0.08366406 0.04288760 0.03329688
47 0.69102713 0.39453906 0.12515504 0.04873438
64 0.59362403 0.42045313 0.04899225 0.02262500
