2 0.19328000 0.37646667 0.12060000 0.06178667
2 0.02942000 0.36432000 0.05040000 0.04917333
0 0.53648000 0.47636000 0.07392000 0.17752000
38 0.58803000 0.49854667 0.05954000 0.05981333
2 0.02113000 0.35292000 0.04190000 0.03277333
29 0.15390000 0.69289333 0.04956000 0.02221333
32 0.85566000 0.56449333 0.00840000 0.01138667
32 0.87541000 0.54173333 0.00830000 0.01002667
32 0.89605000 0.59717333 0.00910000 0.01189333
32 0.77089000 0.57078667 0.01090000 0.01496000
32 0.90748000 0.53412000 0.01076000 0.01314667
32 0.85951000 0.53697333 0.00886000 0.01240000
32 0.82294000 0.52873333 0.00872000 0.01026667
32 0.84567000 0.52252000 0.00770000 0.00738667
32 0.39675000 0.47988000 0.00826000 0.00978667
32 0.83727000 0.52250667 0.00822000 0.00922667
32 0.97003000 0.52148000 0.00974000 0.00845333
32 0.23078000 0.49610667 0.00896000 0.01493333
32 0.39275000 0.44800000 0.00550000 0.00677333
