62 0.24818750 0.42110588 0.03462500 0.09242353
39 0.93289063 0.50167059 0.02256250 0.08955294
39 0.91294531 0.44943529 0.01839062 0.06112941
39 0.35988281 0.65532941 0.01592187 0.05042353
56 0.21843750 0.83255294 0.23365625 0.33489412
56 0.42019531 0.58382353 0.06682813 0.07922353
56 0.53879688 0.86034118 0.25109375 0.27931765
56 0.18551562 0.56591765 0.08475000 0.10938824
56 0.14659375 0.45252941 0.06065625 0.06990588
60 0.32178125 0.70862353 0.42903125 0.31828235
72 0.66922656 0.38424706 0.11298437 0.14383529
63 0.01810938 0.44868235 0.03621875 0.06588235
68 0.82139063 0.34107059 0.11262500 0.08040000
69 0.80392188 0.47841176 0.14946875 0.36835294
46 0.54990625 0.41431765 0.01296875 0.03315294
49 0.50717188 0.41414118 0.01500000 0.01727059
49 0.53928125 0.42450588 0.01121875 0.01094118
49 0.52916406 0.41725882 0.01604687 0.02049412
73 0.05756250 0.66464706 0.09003125 0.06755294
75 0.66875781 0.44834118 0.01807812 0.02816471
75 0.36018750 0.34585882 0.01656250 0.04715294
41 0.90386719 0.53390588 0.01895312 0.03887059
43 0.87330469 0.43052941 0.01423438 0.02661176
43 0.87734375 0.42883529 0.01025000 0.02383529
43 0.87013281 0.44464706 0.00967188 0.01512941
44 0.74723438 0.41043529 0.00496875 0.02218824
45 0.90830469 0.59077647 0.03107812 0.02654118
39 0.27457031 0.61028235 0.02707812 0.08221176
44 0.76308594 0.40600000 0.00523438 0.01336471
