39 0.89340625 0.22329040 0.01856250 0.08531616
39 0.46063281 0.25291569 0.02035937 0.09430913
32 0.54292187 0.42149883 0.03362500 0.04791569
0 0.30960156 0.57303279 0.17542187 0.62920375
34 0.17882812 0.43146370 0.22090625 0.14512881
10 0.05450781 0.47170960 0.02314062 0.09718970
13 0.71514844 0.36516393 0.56970312 0.22695550
35 0.86189062 0.24386417 0.04712500 0.04538642
35 0.56107813 0.27289227 0.06043750 0.03730679
35 0.81770312 0.24606557 0.04371875 0.04637002
34 0.78960938 0.41770492 0.03859375 0.28655738
34 0.83647656 0.41752927 0.03460937 0.26334895
73 0.04288281 0.52036300 0.05757813 0.02489461
73 0.04584375 0.53421546 0.06756250 0.02046838
