58 0.21092969 0.10153125 0.19967187 0.20306250
39 0.41971875 0.49825000 0.02693750 0.13000000
39 0.56003125 0.61302083 0.03881250 0.16379167
39 0.55950781 0.75020833 0.04042188 0.10779167
39 0.31719531 0.29015625 0.02935937 0.13206250
60 0.48501562 0.72184375 0.50428125 0.38543750
0 0.61835938 0.40237500 0.26584375 0.43179167
0 0.81349219 0.58860417 0.37076562 0.79458333
0 0.18792187 0.64157292 0.37584375 0.69439583
40 0.51383594 0.68556250 0.05245312 0.18608333
40 0.51546094 0.53873958 0.04154687 0.10356250
40 0.59345313 0.58760417 0.03921875 0.13375000
42 0.27852344 0.76541667 0.09485938 0.03225000
43 0.49982031 0.82131250 0.12973437 0.08145833
43 0.70721875 0.63426042 0.04140625 0.07589583
52 0.38185938 0.79125000 0.10937500 0.07054167
52 0.47762500 0.66303125 0.02603125 0.07618750
52 0.67671094 0.72484375 0.05404687 0.07381250
52 0.45396094 0.68171875 0.02842187 0.06197917
39 0.39335938 0.56555208 0.03381250 0.15614583
41 0.34469531 0.60178125 0.05004688 0.11514583
45 0.27582812 0.65108333 0.14443750 0.16191667
52 0.45012500 0.63847917 0.04193750 0.03133333
52 0.47877344 0.71467708 0.02592187 0.02193750
56 0.08667187 0.51522917 0.07468750 0.18291667
68 0.72678125 0.38030208 0.15440625 0.14068750
73 0.79339844 0.24553125 0.07392188 0.01860417
42 0.66710156 0.70137500 0.02714063 0.08945833
56 0.97220313 0.90457292 0.05559375 0.19085417
52 0.49418750 0.69731250 0.02384375 0.05000000
