39 0.36310156 0.45413349 0.02082813 0.09758782
56 0.63067969 0.75879391 0.24195312 0.44634660
56 0.79996094 0.66476581 0.17682812 0.37861827
56 0.17647656 0.63224824 0.07748438 0.34838407
56 0.31996875 0.70323185 0.21521875 0.40430913
60 0.50941406 0.49104215 0.58870312 0.15529274
72 0.11102344 0.43922717 0.15460937 0.46707260
41 0.42789063 0.49674473 0.01993750 0.05995316
63 0.53453906 0.48542155 0.13101562 0.11618267
64 0.58349219 0.51025761 0.02414062 0.00903981
68 0.21754687 0.37833724 0.05978125 0.07761124
41 0.93985937 0.55010539 0.01437500 0.04142857
41 0.41550781 0.47759953 0.01948438 0.05477752
69 0.39455469 0.40747073 0.11939063 0.07189696
71 0.71846875 0.41672131 0.05900000 0.02562061
24 0.25350781 0.48679157 0.04498437 0.05231850
41 0.31432031 0.42980094 0.02292187 0.06077283
45 0.85950000 0.33024590 0.02693750 0.06035129
45 0.81593750 0.32326698 0.02837500 0.06789227
62 0.64675781 0.39487119 0.08835938 0.14805621
75 0.54149219 0.41747073 0.01692187 0.02014052
75 0.94078906 0.55337237 0.01601562 0.04210773
