39 0.49679688 0.49376042 0.02643750 0.16018750
39 0.43610938 0.39343750 0.02212500 0.04916667
39 0.47846875 0.32054167 0.01771875 0.06525000
56 0.18071875 0.77785417 0.15987500 0.41329167
60 0.50265625 0.64007292 0.35637500 0.71985417
2 0.53387500 0.17629167 0.09587500 0.03025000
2 0.16051562 0.21779167 0.07450000 0.05766667
56 0.04879688 0.47864583 0.09515625 0.24420833
56 0.02178906 0.32938542 0.04320312 0.03964583
56 0.79898437 0.79054167 0.14865625 0.38962500
56 0.09950000 0.39134375 0.04371875 0.17306250
40 0.46086719 0.37135417 0.02420313 0.05612500
40 0.44693750 0.48386458 0.02775000 0.06143750
41 0.52506250 0.54852083 0.03871875 0.08066667
41 0.47917969 0.59302083 0.04182812 0.09133333
41 0.44628125 0.56187500 0.04150000 0.10375000
42 0.40125000 0.64048958 0.07671875 0.01639583
42 0.39853906 0.51904167 0.05042187 0.01650000
43 0.42504687 0.51268750 0.04225000 0.07545833
45 0.54510938 0.44695833 0.06693750 0.03945833
0 0.68932812 0.44943750 0.12134375 0.36404167
0 0.67325781 0.65702083 0.45857813 0.68595833
0 0.63851562 0.38626042 0.12837500 0.30181250
0 0.58911719 0.30360417 0.08529688 0.20091667
0 0.14864844 0.44933333 0.12160938 0.33558333
0 0.26123438 0.64157292 0.25956250 0.69439583
0 0.30696875 0.42435417 0.12240625 0.32262500
0 0.36717188 0.32811458 0.10262500 0.21593750
25 0.50272656 0.12097917 0.16251562 0.13258333
40 0.52804688 0.37170833 0.02512500 0.02904167
43 0.38898438 0.54026042 0.05300000 0.00685417
43 0.59869531 0.63662500 0.06170313 0.00729167
44 0.51282813 0.57718750 0.03090625 0.02704167
44 0.57864844 0.57382292 0.04589063 0.03885417
45 0.40091406 0.51639583 0.07795312 0.04079167
45 0.59251563 0.59539583 0.09912500 0.05766667
50 0.62164844 0.59552083 0.02104688 0.02366667
50 0.59028906 0.60360417 0.01389062 0.01075000
60 0.02082031 0.37411458 0.04164063 0.06031250
0 0.33547656 0.34221875 0.09610937 0.23377083
0 0.81008594 0.31228125 0.07732812 0.22556250
0 0.48688281 0.21739583 0.05229688 0.08429167
2 0.40709375 0.18275000 0.07893750 0.01479167
2 0.59260938 0.20562500 0.02515625 0.04891667
24 0.86757031 0.78748958 0.11164063 0.32589583
39 0.45117969 0.37842708 0.01904687 0.04656250
41 0.43478125 0.39523958 0.02434375 0.05081250
41 0.51537500 0.47320833 0.02600000 0.07308333
41 0.52585156 0.39647917 0.02142187 0.07791667
42 0.61163281 0.63078125 0.09135937 0.01818750
44 0.39259375 0.57305208 0.04981250 0.01231250
44 0.56903125 0.47491667 0.00721875 0.03095833
44 0.54715625 0.43340625 0.03781250 0.02502083
45 0.54400000 0.36935417 0.01140625 0.02312500
2 0.35509375 0.18541667 0.08390625 0.01620833
40 0.47528906 0.28190625 0.00739063 0.00943750
56 0.06265625 0.25029167 0.08168750 0.09845833
26 0.86815625 0.77150000 0.11684375 0.34516667
