16 0.68273438 0.69331382 0.16721875 0.19665105
58 0.57915625 0.29180328 0.04356250 0.15943794
58 0.45481250 0.30509368 0.04256250 0.12213115
16 0.65205469 0.58837237 0.07282813 0.08700234
39 0.28892969 0.44142857 0.02635938 0.10388759
56 0.18540625 0.69832553 0.23606250 0.30812646
56 0.37970312 0.60313817 0.05043750 0.26997658
56 0.41154687 0.52814988 0.05487500 0.23096019
60 0.28667187 0.57162763 0.35306250 0.43693208
0 0.10257031 0.44074941 0.10957812 0.25236534
0 0.21889844 0.40224824 0.12295312 0.21124122
0 0.74490625 0.41685012 0.16306250 0.43754098
0 0.51875781 0.42964871 0.08395313 0.29887588
0 0.71386719 0.34265808 0.09429688 0.25168618
0 0.26435156 0.34400468 0.07170312 0.13451991
74 0.54347656 0.42944965 0.00301563 0.00428571
40 0.23665625 0.47556206 0.02281250 0.07440281
42 0.32528125 0.52072600 0.04434375 0.01222482
43 0.20976563 0.54234192 0.01350000 0.01124122
44 0.82164063 0.43408665 0.03990625 0.01370023
45 0.88492187 0.48084309 0.04000000 0.03569087
45 0.85938281 0.46329040 0.02601562 0.03922717
47 0.34430469 0.50249415 0.01335938 0.00859485
43 0.27923437 0.53278689 0.02750000 0.03971897
40 0.31100781 0.47248244 0.02101562 0.05217799
40 0.28053125 0.48480094 0.01640625 0.05498829
40 0.30029688 0.41384075 0.01643750 0.03002342
41 0.86871094 0.24645199 0.01367188 0.03871194
58 0.52282031 0.27772834 0.05373437 0.09995316
69 0.91673438 0.75974239 0.16637500 0.44416862
41 0.81592188 0.24812646 0.01637500 0.03948478
41 0.88101563 0.25296253 0.01606250 0.04948478
41 0.85766406 0.24672131 0.01104688 0.03540984
41 0.83130469 0.25241218 0.01567187 0.03929742
42 0.37695312 0.45262295 0.03412500 0.02257611
42 0.41468750 0.42293911 0.03125000 0.00850117
45 0.81757031 0.45396956 0.03295313 0.03201405
41 0.84867187 0.24752927 0.01046875 0.03201405
