56 0.83632031 0.75849412 0.18214063 0.39689412
56 0.48179688 0.65756471 0.11396875 0.30924706
57 0.24167187 0.85798824 0.47475000 0.26567059
60 0.64609375 0.62074118 0.43053125 0.13112941
56 0.60797656 0.76255294 0.13129688 0.39541176
56 0.73942187 0.54958824 0.06118750 0.10562353
72 0.93570313 0.47080000 0.12762500 0.64315294
40 0.74892969 0.57560000 0.02782813 0.08141176
40 0.53138281 0.56041176 0.02523437 0.08312941
40 0.64518750 0.56774118 0.10796875 0.10188235
73 0.83894531 0.53080000 0.04285937 0.03703529
39 0.69335156 0.28161176 0.01270312 0.07065882
39 0.68287500 0.27944706 0.01187500 0.07037647
39 0.69190625 0.36183529 0.01434375 0.06475294
39 0.64767188 0.28257647 0.01106250 0.06567059
39 0.61375000 0.28117647 0.01078125 0.07232941
39 0.63429688 0.36027059 0.01768750 0.06995294
39 0.67924219 0.36195294 0.01435937 0.06014118
39 0.62604688 0.28251765 0.01228125 0.07096471
39 0.62100781 0.35928235 0.00920312 0.07014118
39 0.64447656 0.35669412 0.01698438 0.06552941
39 0.67046875 0.27954118 0.01331250 0.06811765
44 0.80621094 0.64718824 0.03264062 0.01263529
45 0.07825000 0.72162353 0.10928125 0.05632941
56 0.66582812 0.55507059 0.07162500 0.07988235
75 0.26470312 0.56801176 0.01815625 0.06948235
75 0.64346875 0.52467059 0.03693750 0.10995294
75 0.50381250 0.22121176 0.03943750 0.04581176
39 0.63739844 0.28375294 0.01195312 0.06985882
41 0.03953906 0.64087059 0.01826562 0.05444706
62 0.41146094 0.43898824 0.14304688 0.16418824
39 0.65774219 0.35741176 0.01139063 0.07087059
42 0.45957031 0.59225882 0.03335938 0.00804706
58 0.65188281 0.43603529 0.02139062 0.06317647
58 0.25395312 0.48474118 0.03775000 0.25065882
58 0.62171875 0.43524706 0.02059375 0.05722353
