62 0.28103906 0.39360417 0.22685938 0.27537500
41 0.53869531 0.79105208 0.09851563 0.21664583
41 0.89741406 0.57641667 0.05142187 0.07804167
63 0.60589844 0.62952083 0.23326562 0.19162500
63 0.77964844 0.58061458 0.20264062 0.16547917
64 0.32774219 0.53457292 0.03607813 0.01618750
65 0.68077344 0.64011458 0.03823437 0.01710417
66 0.40414844 0.50766667 0.13364062 0.05258333
66 0.63450000 0.68389583 0.17459375 0.09095833
73 0.48094531 0.41057292 0.05770313 0.12168750
66 0.78700781 0.61929167 0.11660937 0.04250000
73 0.46496094 0.41304167 0.03785938 0.11579167
57 0.81558594 0.69220833 0.36882813 0.58962500
73 0.47596875 0.41117708 0.04831250 0.12156250
73 0.44905469 0.41722917 0.04685938 0.11933333
73 0.43955469 0.42130208 0.04545312 0.11052083
73 0.61652344 0.49871875 0.03395313 0.01722917
73 0.59422656 0.53030208 0.08117187 0.06022917
73 0.49081250 0.40269792 0.05665625 0.14239583
16 0.71242188 0.43486458 0.05596875 0.06093750
16 0.89645313 0.42717708 0.04503125 0.04872917
16 0.84485156 0.42125000 0.06201562 0.04033333
77 0.84678125 0.42729167 0.06434375 0.05145833
