56 0.91808594 0.34742678 0.11207813 0.24372385
56 0.76372656 0.40280335 0.10629687 0.29799163
0 0.47020312 0.23701883 0.10059375 0.19278243
0 0.48325781 0.26293933 0.08585937 0.15935146
0 0.33096875 0.50000000 0.38259375 1.00000000
0 0.05310156 0.43969665 0.10620312 0.68165272
0 0.16301562 0.25031381 0.01996875 0.04029289
39 0.45158594 0.47048117 0.07742188 0.10464435
39 0.75978125 0.15600418 0.01181250 0.04903766
39 0.64373437 0.17101464 0.01331250 0.03809623
62 0.70904687 0.13683054 0.08196875 0.07926778
0 0.79141406 0.07449791 0.03154687 0.14242678
0 0.90404688 0.09674686 0.09446875 0.19349372
0 0.39273438 0.42471757 0.07384375 0.31462343
0 0.13603125 0.24581590 0.01909375 0.02046025
56 0.49457031 0.30013598 0.05614063 0.09600418
4 0.66346094 0.77273013 0.56645313 0.42855649
39 0.62029687 0.24453975 0.01043750 0.04472803
0 0.57034375 0.46103556 0.22503125 0.44935146
0 0.11667187 0.63574268 0.12975000 0.46746862
0 0.11158594 0.30231172 0.05285938 0.07520921
78 0.66275000 0.24253138 0.02656250 0.04820084
