11 0.45971094 0.38782927 0.02098438 0.03297561
2 0.91930469 0.51154878 0.14198437 0.12948780
2 0.16608594 0.41824390 0.03764063 0.04385366
2 0.29160938 0.41924390 0.05953125 0.03741463
2 0.34002344 0.43037805 0.03048437 0.04207317
0 0.48371875 0.69342683 0.20375000 0.47997561
0 0.10552344 0.41435366 0.01126563 0.03914634
36 0.48820312 0.88943902 0.08459375 0.08019512
0 0.46960156 0.45296341 0.01139063 0.06090244
0 0.14467969 0.42657317 0.00982813 0.05148780
0 0.05175781 0.42148780 0.01932813 0.07600000
0 0.18759375 0.42153659 0.01056250 0.04702439
2 0.24168750 0.40807317 0.01268750 0.01112195
12 0.79028906 0.51754878 0.01423438 0.04997561
12 0.69699219 0.49164634 0.01195312 0.04334146
2 0.97990625 0.54996341 0.04018750 0.08431707
2 0.94615625 0.51835366 0.10759375 0.14543902
0 0.49363281 0.43868293 0.01670312 0.04063415
2 0.32423437 0.42197561 0.01025000 0.02678049
