62 0.67994531 0.33450000 0.14435937 0.10483333
39 0.54490625 0.57209375 0.03321875 0.14018750
56 0.14274219 0.86484375 0.21129687 0.16343750
0 0.22700000 0.62739583 0.39831250 0.71995833
39 0.14531250 0.27108333 0.01675000 0.05641667
39 0.15783594 0.26279167 0.01598438 0.05941667
72 0.14241406 0.47865625 0.17023437 0.34156250
72 0.03707812 0.50675000 0.07078125 0.39775000
41 0.43161719 0.63180208 0.05126563 0.08372917
41 0.69560156 0.56716667 0.05979687 0.07795833
63 0.81320312 0.65917708 0.35900000 0.41572917
65 0.47188281 0.57762500 0.04826562 0.04475000
39 0.33025000 0.35529167 0.01028125 0.05195833
45 0.33678125 0.08240625 0.04315625 0.02806250
46 0.10699219 0.28268750 0.05920313 0.03833333
60 0.60364063 0.72578125 0.79271875 0.54843750
66 0.79199219 0.74309375 0.22017188 0.14827083
73 0.55389844 0.78190625 0.25220313 0.20622917
65 0.40476563 0.45113542 0.03240625 0.02060417
67 0.48825000 0.73045833 0.09284375 0.06883333
44 0.69600000 0.53734375 0.00571875 0.01693750
