58 0.44953906 0.18037500 0.05257812 0.12500000
39 0.62158594 0.56175000 0.11851563 0.33437500
56 0.90415625 0.67764583 0.19168750 0.62204167
56 0.94084375 0.32997917 0.11831250 0.17987500
57 0.68641406 0.25025000 0.10148437 0.16887500
60 0.46078906 0.68160417 0.91804687 0.61558333
0 0.34239063 0.25006250 0.26484375 0.35829167
0 0.67583594 0.39454167 0.46179687 0.76629167
40 0.25996875 0.57332292 0.08093750 0.14777083
41 0.40367969 0.43597917 0.05701563 0.13554167
41 0.46442969 0.44259375 0.05467188 0.12960417
43 0.09014844 0.67478125 0.18029687 0.01256250
45 0.22162500 0.82134375 0.35562500 0.32135417
45 0.32424219 0.45225000 0.05879687 0.06175000
45 0.22892187 0.46779167 0.12396875 0.09587500
46 0.21229687 0.77945833 0.27900000 0.23595833
49 0.24647656 0.91431250 0.04576562 0.06337500
49 0.22118750 0.82738542 0.02403125 0.02764583
49 0.25095312 0.81044792 0.04784375 0.04718750
49 0.34044531 0.85183333 0.03135937 0.04508333
49 0.28266406 0.89925000 0.04245313 0.05250000
42 0.09483594 0.69279167 0.11989063 0.01820833
43 0.60559375 0.61494792 0.17915625 0.03327083
44 0.54211719 0.61933333 0.04939063 0.02566667
41 0.26002344 0.57376042 0.08270313 0.15293750
41 0.38807031 0.54241667 0.04670313 0.09608333
41 0.32335938 0.45701042 0.05721875 0.06131250
44 0.09630469 0.69486458 0.12160937 0.01860417
47 0.28365625 0.76975000 0.07196875 0.09841667
49 0.20270312 0.85015625 0.04196875 0.06135417
49 0.26536719 0.87272917 0.18079687 0.14358333
49 0.16416406 0.85154167 0.03764063 0.05562500
49 0.13848437 0.88987500 0.03468750 0.04416667
49 0.17517969 0.90278125 0.03745312 0.04368750
56 0.27267188 0.30198958 0.04643750 0.23347917
