58 0.86130469 0.36781705 0.04020313 0.04619543
56 0.78042188 0.74193347 0.43915625 0.51613306
60 0.45182031 0.74838877 0.61717188 0.46118503
0 0.18399219 0.46992723 0.22276562 0.38459459
0 0.62767969 0.36456341 0.18954688 0.56114345
0 0.72893750 0.71788981 0.41268750 0.56422037
0 0.18831250 0.70155925 0.37662500 0.57047817
72 0.49028125 0.43032225 0.17231250 0.39939709
41 0.35906250 0.72122661 0.05293750 0.14378378
41 0.28467188 0.67025988 0.04953125 0.13241164
41 0.45586719 0.60101871 0.04045312 0.07754678
44 0.57481250 0.51648649 0.03218750 0.06336798
44 0.51119531 0.69032225 0.06432813 0.05856549
45 0.64290625 0.55966736 0.12465625 0.09875260
41 0.54215625 0.65650728 0.04575000 0.12149688
42 0.58278906 0.75021830 0.07632813 0.02455301
42 0.60446094 0.64379418 0.02848438 0.01532225
45 0.46440625 0.73917879 0.15284375 0.15016632
45 0.92248438 0.44770270 0.06100000 0.02675676
46 0.93293750 0.42451143 0.02293750 0.02453222
47 0.91860156 0.42871102 0.02001562 0.01596674
49 0.92398437 0.42395010 0.01512500 0.01380457
69 0.98838281 0.44852391 0.02323438 0.07825364
49 0.90175781 0.42892931 0.01589062 0.01249480
75 0.32942187 0.63538462 0.09431250 0.16731809
