58 0.63888281 0.43870833 0.01695313 0.10095833
39 0.22111719 0.45834375 0.01595313 0.05110417
39 0.84526563 0.21219792 0.02903125 0.12472917
39 0.87151563 0.21860417 0.02281250 0.11008333
39 0.81643750 0.22761458 0.02103125 0.08806250
56 0.79516406 0.90215625 0.29032812 0.17418750
60 0.61790625 0.74763542 0.76418750 0.35697917
39 0.83504688 0.32089583 0.01468750 0.06983333
72 0.07171875 0.48991667 0.14331250 0.46175000
41 0.36278125 0.71486458 0.04259375 0.09097917
43 0.49582812 0.71083333 0.07459375 0.01420833
45 0.85407812 0.67369792 0.11006250 0.08364583
45 0.83879687 0.61286458 0.09390625 0.05672917
45 0.39544531 0.72467708 0.09039062 0.06085417
47 0.85305469 0.65629167 0.07667188 0.02750000
49 0.59284375 0.43513542 0.01378125 0.01864583
49 0.58310938 0.43958333 0.01475000 0.01687500
49 0.59407813 0.43616667 0.05840625 0.02520833
69 0.70546094 0.61753125 0.11560938 0.08910417
71 0.38052344 0.46639583 0.18045312 0.02912500
39 0.89170313 0.22570833 0.01950000 0.09570833
39 0.84442188 0.53652083 0.02184375 0.09387500
39 0.78521875 0.32159375 0.01628125 0.05835417
41 0.18199219 0.46745833 0.01960937 0.04625000
41 0.29912500 0.73738542 0.05275000 0.06518750
41 0.25712500 0.46259375 0.01728125 0.03089583
41 0.55010156 0.46515625 0.02473437 0.03297917
44 0.76926562 0.45106250 0.02459375 0.04633333
45 0.59354688 0.45860417 0.05506250 0.03416667
45 0.65697656 0.50535417 0.04004687 0.03862500
58 0.60064844 0.40761458 0.07504687 0.10006250
73 0.70961719 0.22606250 0.01979688 0.08558333
39 0.91302344 0.21000000 0.03423437 0.11762500
39 0.88878125 0.16877083 0.01312500 0.01791667
39 0.85750781 0.18317708 0.01292187 0.03985417
44 0.84115625 0.45681250 0.02040625 0.12383333
44 0.78455469 0.43985417 0.02398438 0.08416667
58 0.65432031 0.45134375 0.01882813 0.07085417
68 0.92801563 0.58651042 0.14396875 0.19914583
39 0.26141406 0.46202083 0.00948437 0.03087500
43 0.91867969 0.43585417 0.01154687 0.10641667
43 0.89545312 0.44512500 0.01081250 0.10812500
43 0.87775000 0.46378125 0.00871875 0.08139583
45 0.52780469 0.45928125 0.03229688 0.02235417
47 0.43117187 0.82940625 0.02465625 0.02443750
56 0.10209375 0.81657292 0.20418750 0.36110417
73 0.69461719 0.22446875 0.01414063 0.08614583
