39 0.30821875 0.15260417 0.01990625 0.05866667
39 0.33155469 0.16632292 0.03039062 0.10722917
0 0.48707813 0.35506250 0.35393750 0.47191667
72 0.75084375 0.30180208 0.24493750 0.59685417
41 0.24970312 0.62371875 0.06931250 0.10281250
41 0.30307812 0.21372917 0.02671875 0.05366667
44 0.36540625 0.54881250 0.01909375 0.01341667
45 0.34866406 0.55729167 0.09482812 0.09504167
55 0.51841406 0.70964583 0.20232813 0.18408333
71 0.08539063 0.28291667 0.15287500 0.02950000
41 0.86965625 0.68988542 0.10112500 0.13931250
45 0.99229687 0.72330208 0.01540625 0.07893750
56 0.84342187 0.46921875 0.25134375 0.31739583
58 0.93947656 0.39077083 0.11823437 0.47912500
60 0.50000000 0.75626042 1.00000000 0.48747917
69 0.46282812 0.27450000 0.20534375 0.12358333
39 0.34592187 0.16665625 0.01328125 0.08810417
39 0.09371094 0.21028125 0.02939062 0.09981250
67 0.05832031 0.95318750 0.11664063 0.09362500
43 0.20897656 0.14160417 0.00451562 0.03454167
43 0.20863281 0.13892708 0.00545313 0.02918750
43 0.21839844 0.13788542 0.00517188 0.02956250
43 0.22492187 0.16511458 0.00678125 0.02822917
