58 0.61467969 0.31048958 0.13682812 0.11539583
39 0.68185156 0.42654167 0.01614062 0.07020833
56 0.40725781 0.88171875 0.20160937 0.21506250
0 0.39185156 0.50493750 0.36235937 0.96179167
67 0.19255469 0.48821875 0.03251562 0.07602083
55 0.58340625 0.72811458 0.15846875 0.11477083
70 0.88911719 0.40228125 0.09717188 0.06477083
71 0.72499219 0.48663542 0.24264062 0.04902083
73 0.20732813 0.55385417 0.08906250 0.05012500
43 0.83286719 0.35292708 0.01017187 0.03027083
43 0.80513281 0.34675000 0.01639062 0.05137500
43 0.82678125 0.34744792 0.01340625 0.03597917
44 0.44309375 0.56137500 0.06565625 0.01520833
45 0.83590625 0.45094792 0.04150000 0.02597917
58 0.71059375 0.32043750 0.03271875 0.06570833
75 0.66201563 0.32844792 0.03756250 0.04047917
43 0.44156250 0.56062500 0.05937500 0.01445833
43 0.81443750 0.34779167 0.01078125 0.04116667
43 0.81935156 0.35192708 0.01170313 0.04777083
43 0.81707031 0.38607292 0.00995313 0.03956250
43 0.82395313 0.38621875 0.00968750 0.03897917
43 0.83094531 0.38475000 0.01298437 0.03745833
43 0.80802344 0.35355208 0.01298437 0.04272917
60 0.70259375 0.78895833 0.59481250 0.39220833
41 0.62938281 0.63497917 0.02914062 0.04391667
