15 0.40655285 0.42258537 0.17691057 0.14790244
15 0.92236585 0.36206504 0.14265041 0.18032520
39 0.22427642 0.76200000 0.01469919 0.03967480
56 0.24209756 0.41065041 0.16458537 0.13762602
56 0.32193496 0.91098374 0.13154472 0.09263415
56 0.63494309 0.35081301 0.04721951 0.08718699
56 0.60226829 0.43419512 0.08304065 0.12338211
39 0.24313821 0.77213008 0.01473171 0.03990244
39 0.46820325 0.68105691 0.01211382 0.03372358
59 0.72371545 0.73693496 0.16882927 0.21373984
72 0.57191057 0.75505691 0.13256911 0.47639024
56 0.74524390 0.28240650 0.11478049 0.05482927
60 0.80292683 0.39865041 0.37613008 0.20045528
45 0.17438211 0.95545528 0.05445528 0.04817886
47 0.40158537 0.28702439 0.01660163 0.01268293
47 0.37487805 0.27513821 0.01505691 0.01795122
63 0.86447967 0.29282927 0.08882927 0.09047154
63 0.10086179 0.44896748 0.18230894 0.09439024
63 0.73332520 0.39759350 0.09373984 0.05378862
68 0.17883740 0.24452846 0.14791870 0.07767480
70 0.14924390 0.78591057 0.04505691 0.05250407
71 0.33908943 0.79286179 0.07635772 0.02448780
73 0.73495935 0.39704878 0.09570732 0.05536585
73 0.90359350 0.60002439 0.00793496 0.02378862
73 0.78634959 0.62786992 0.07074797 0.02500813
73 0.86760163 0.53856911 0.01370732 0.02920325
73 0.88304878 0.55906504 0.02144715 0.00801626
73 0.88084553 0.59957724 0.00634146 0.02328455
73 0.87173171 0.66030081 0.00635772 0.01949593
73 0.86239024 0.63083740 0.00705691 0.01936585
73 0.90397561 0.56010569 0.02034146 0.00678049
39 0.18318699 0.76399187 0.01720325 0.02918699
39 0.39453659 0.67771545 0.01092683 0.02843902
39 0.40464228 0.64560976 0.01409756 0.02094309
39 0.45456911 0.63371545 0.01892683 0.03910569
39 0.47262602 0.63831707 0.01530081 0.03471545
41 0.97459350 0.58254472 0.02200000 0.02879675
43 0.17389431 0.76074797 0.00778862 0.01912195
43 0.18559350 0.75951220 0.01076423 0.01915447
43 0.17949593 0.76071545 0.00721951 0.01502439
43 0.19147154 0.77080488 0.00733333 0.01234146
43 0.18617073 0.76742276 0.00801626 0.01325203
47 0.42338211 0.28047967 0.01177236 0.01292683
47 0.38833333 0.26559350 0.01429268 0.01704065
47 0.40943902 0.26079675 0.02105691 0.01404878
49 0.38925203 0.28237398 0.01983740 0.01586992
49 0.35372358 0.27939837 0.01873171 0.01691057
15 0.43070732 0.96704878 0.12213008 0.05611382
24 0.88133333 0.87078049 0.15469919 0.22282927
39 0.43947967 0.68217886 0.01863415 0.03154472
39 0.29130894 0.78054472 0.01507317 0.02648780
47 0.41606504 0.28322764 0.01808130 0.01396748
47 0.40378862 0.27146341 0.01967480 0.02003252
56 0.56293496 0.35650407 0.10905691 0.22302439
56 0.83897561 0.29406504 0.09775610 0.03235772
58 0.05223577 0.15183740 0.03416260 0.04452033
58 0.07904878 0.15297561 0.03585366 0.04660163
60 0.35324390 0.94804878 0.28570732 0.07791870
73 0.79652846 0.57466667 0.00756098 0.02087805
73 0.86460976 0.65798374 0.07917073 0.03134959
73 0.83926016 0.60164228 0.00437398 0.01873171
43 0.17802439 0.77139837 0.00606504 0.00936585
73 0.80545528 0.54649593 0.00473171 0.02128455
49 0.37511382 0.26260976 0.01383740 0.01409756
49 0.41510569 0.28411382 0.01918699 0.01427642
