39 0.80143192 0.78860937 0.10990610 0.16387500
0 0.41258216 0.15998438 0.23929577 0.22243750
43 0.23971831 0.63711719 0.11732394 0.06001563
44 0.44051643 0.71031250 0.17422535 0.11087500
44 0.53854460 0.66781250 0.18319249 0.12500000
45 0.52194836 0.85528125 0.23765258 0.14812500
49 0.53065728 0.86443750 0.17723005 0.11487500
69 0.55562207 0.22561719 0.10899061 0.08107813
42 0.77494131 0.64069531 0.11457746 0.05992188
42 0.40269953 0.56416406 0.11098592 0.04832813
56 0.71145540 0.86845312 0.43084507 0.26309375
40 0.30084507 0.65220312 0.09319249 0.12728125
40 0.51284038 0.57752344 0.07018779 0.10948437
43 0.60177230 0.56896094 0.12908451 0.05992188
43 0.69818075 0.27175000 0.02194836 0.03506250
44 0.43534038 0.23562500 0.05434272 0.03190625
45 0.45835681 0.26199219 0.06784038 0.02864062
60 0.50728873 0.75714063 0.85847418 0.45975000
68 0.85590376 0.11647656 0.14049296 0.08960938
71 0.02422535 0.23010156 0.04845070 0.02742188
41 0.08153756 0.16551562 0.04678404 0.02834375
41 0.10208920 0.15888281 0.03446009 0.02576562
56 0.73361502 0.58571094 0.29657277 0.11689062
56 0.27589202 0.86636719 0.41582160 0.25954687
