39 0.85991406 0.63944444 0.05054688 0.22372222
39 0.79903125 0.44327778 0.04859375 0.14505556
39 0.72644531 0.40847222 0.01979688 0.09016667
67 0.31794531 0.73968056 0.07532813 0.05019444
39 0.84073437 0.62669444 0.01890625 0.18283333
56 0.86304687 0.92963889 0.27390625 0.14072222
60 0.62044531 0.64148611 0.75910938 0.54036111
0 0.44015625 0.33881944 0.29512500 0.67263889
43 0.40970312 0.58111111 0.04256250 0.09122222
55 0.50153125 0.71906944 0.05081250 0.05875000
65 0.41934375 0.80969444 0.09628125 0.11261111
71 0.70882812 0.46583333 0.14634375 0.04205556
44 0.88257031 0.34488889 0.02473438 0.16622222
44 0.89497656 0.33040278 0.02120313 0.22413889
72 0.60739063 0.57265278 0.13325000 0.13252778
39 0.90850781 0.69138889 0.03229687 0.09400000
39 0.80347656 0.50068056 0.01685938 0.02597222
44 0.87263281 0.29009722 0.03073437 0.12963889
48 0.47893750 0.65208333 0.11156250 0.06372222
55 0.56376563 0.70308333 0.04028125 0.06638889
39 0.80867187 0.16822222 0.01884375 0.05116667
39 0.83549219 0.16693056 0.00820313 0.05563889
67 0.30037500 0.79859722 0.04421875 0.04869444
69 0.60591406 0.72508333 0.13995312 0.43961111
40 0.83227344 0.17548611 0.01817187 0.03847222
48 0.35954688 0.67643056 0.11428125 0.07636111
