0 0.91009375 0.80688084 0.04446875 0.20834112
0 0.83007812 0.75954439 0.03925000 0.17810748
0 0.96485156 0.83811916 0.06992187 0.19521028
0 0.13210156 0.71074766 0.04917187 0.16079439
27 0.90991406 0.75825935 0.00607812 0.03446262
22 0.52512500 0.86487150 0.11968750 0.16329439
23 0.68676562 0.50000000 0.62646875 0.67565421
0 0.32666406 0.94693925 0.07142188 0.10612150
14 0.23235156 0.20632009 0.01123437 0.04927570
14 0.11797656 0.35492991 0.03510937 0.03205607
17 0.81900000 0.64105140 0.07250000 0.12327103
19 0.94516406 0.60844626 0.03157813 0.13063084
20 0.90128906 0.26063084 0.11104687 0.15714953
22 0.43517187 0.90233645 0.08587500 0.14261682
22 0.63528906 0.79268692 0.04585938 0.19691589
0 0.31402344 0.23185748 0.01067188 0.02497664
0 0.06678906 0.68728972 0.03257812 0.05598131
14 0.29818750 0.11053738 0.01250000 0.04579439
20 0.06774219 0.83376168 0.13548437 0.30649533
