1 0.23467188 0.86021875 0.07903125 0.10322917
2 0.65242188 0.73333333 0.19515625 0.15054167
2 0.52954687 0.69892708 0.11753125 0.09564583
2 0.37247656 0.68038542 0.06557813 0.06502083
2 0.43845312 0.68683333 0.08556250 0.07158333
3 0.32035156 0.68861458 0.01492188 0.03331250
5 0.71528906 0.60584375 0.17579687 0.05797917
1 0.11641406 0.81385417 0.03717188 0.08208333
1 0.29516406 0.81952083 0.06035937 0.17804167
26 0.17135156 0.79690625 0.04960937 0.14981250
0 0.17523437 0.83381250 0.10231250 0.32879167
0 0.01957812 0.79168750 0.03812500 0.22525000
0 0.03154687 0.71044792 0.02756250 0.10593750
0 0.09332031 0.69245833 0.02870312 0.09420833
2 0.30255469 0.63428125 0.07510937 0.02710417
2 0.63514063 0.66010417 0.10312500 0.04087500
2 0.48170312 0.66708333 0.02915625 0.03362500
2 0.24774219 0.58577083 0.01542188 0.01491667
9 0.77250000 0.50936458 0.02684375 0.01214583
26 0.12716406 0.65572917 0.00623437 0.00925000
28 0.02721094 0.91313542 0.05220312 0.16739583
0 0.13936719 0.65372917 0.01142188 0.04137500
0 0.21487500 0.66292708 0.01196875 0.04852083
0 0.30078125 0.66747917 0.01318750 0.05762500
0 0.26391406 0.67278125 0.01764062 0.05272917
0 0.28110938 0.66350000 0.01390625 0.04454167
0 0.29040625 0.66995833 0.00956250 0.05212500
0 0.34171094 0.66013542 0.01839063 0.05572917
1 0.08784375 0.80880208 0.03812500 0.07464583
1 0.08105469 0.76396875 0.02842187 0.05222917
2 0.36587500 0.61097917 0.01631250 0.02050000
26 0.10374219 0.69745833 0.01651563 0.01333333
74 0.59653125 0.50260417 0.06537500 0.10570833
0 0.02236719 0.67873958 0.02510937 0.07902083
2 0.35979688 0.60907292 0.01718750 0.02635417
7 0.87460938 0.68706250 0.24278125 0.17754167
1 0.24278906 0.77450000 0.04392187 0.07037500
0 0.06058594 0.70014583 0.02617188 0.08916667
26 0.06975000 0.70425000 0.00743750 0.01729167
