15 0.59816406 0.43017606 0.46773438 0.79053991
39 0.05739062 0.55819249 0.03718750 0.13647887
43 0.57368750 0.89030516 0.14775000 0.07784038
61 0.28746875 0.83250000 0.23321875 0.33500000
76 0.49749219 0.88643192 0.15573438 0.07544601
71 0.06207812 0.60169014 0.12415625 0.23145540
79 0.26549219 0.58035211 0.02548438 0.18483568
79 0.24282812 0.56701878 0.01950000 0.19413146
39 0.87836719 0.34307512 0.05479688 0.20887324
39 0.90375781 0.30892019 0.04298437 0.25511737
39 0.55457031 0.60994131 0.03554687 0.14288732
39 0.85016406 0.32788732 0.04139063 0.20802817
39 0.82649219 0.33504695 0.02489062 0.18694836
39 0.85662500 0.07708920 0.07903125 0.15262911
39 0.60403906 0.57980047 0.03014063 0.16485915
39 0.91724219 0.07661972 0.05042187 0.15323944
39 0.80416406 0.08001174 0.04070312 0.13800469
