39 0.47681250 0.49580796 0.02718750 0.06660422
0 0.58697656 0.52471897 0.25939062 0.38428571
44 0.29167969 0.65312646 0.00935938 0.05210773
39 0.49423438 0.51411007 0.00843750 0.03754098
43 0.29240625 0.65302108 0.01181250 0.05250585
44 0.25763281 0.65125293 0.01782812 0.05079625
45 0.74211719 0.73658080 0.13848437 0.10674473
45 0.84946094 0.89701405 0.10507812 0.10480094
45 0.77878125 0.85565574 0.09800000 0.09496487
45 0.68560156 0.86144028 0.10029687 0.08039813
48 0.46421094 0.74659251 0.06926562 0.03660422
0 0.23089062 0.45843091 0.22490625 0.37302108
18 0.30317187 0.18100703 0.09490625 0.14440281
45 0.95192969 0.88161593 0.09567188 0.07587822
45 0.95034375 0.91928571 0.09931250 0.10367681
45 0.28917969 0.68247073 0.09435937 0.06100703
39 0.43242969 0.27850117 0.01492188 0.02346604
71 0.16383594 0.52234192 0.02314063 0.00782201
