39 0.39933594 0.62564935 0.02607813 0.09452690
39 0.42301563 0.61744898 0.02443750 0.09359926
72 0.89460156 0.59115955 0.21079688 0.50335807
60 0.41732031 0.76483302 0.80064062 0.44395176
0 0.41701563 0.50212430 0.13315625 0.26432282
41 0.58966406 0.75602041 0.05745312 0.10094620
44 0.33432031 0.55613173 0.01954687 0.03886827
45 0.53234375 0.65713358 0.09050000 0.04168831
45 0.45784375 0.68387755 0.08137500 0.05417440
45 0.34610937 0.58837662 0.09606250 0.06799629
45 0.50437500 0.63177180 0.07587500 0.06699443
45 0.51456250 0.71353432 0.13000000 0.09352505
49 0.48698438 0.68675325 0.04237500 0.03539889
49 0.53160938 0.68713358 0.04087500 0.04179963
68 0.67837500 0.40768089 0.14803125 0.10430427
69 0.66021094 0.57906308 0.18123438 0.23118738
71 0.27007813 0.55039889 0.11793750 0.03274583
41 0.80558594 0.31739332 0.01557812 0.03103896
45 0.36360156 0.51780148 0.03995312 0.02591837
49 0.55404688 0.69679963 0.00828125 0.01315399
56 0.05271094 0.48086271 0.05854687 0.03244898
56 0.11804687 0.47312616 0.05150000 0.02083488
56 0.78885938 0.94627087 0.22781250 0.10745826
63 0.36418750 0.80629870 0.20106250 0.10135436
67 0.62046094 0.70707792 0.04676563 0.02406308
41 0.79270313 0.31866419 0.01121875 0.02890538
41 0.77917969 0.32302412 0.02114062 0.02460111
41 0.77726562 0.36935065 0.02050000 0.01948052
73 0.23188281 0.64872913 0.19554688 0.19760668
56 0.00879687 0.48755102 0.01759375 0.02987013
