58 0.16892969 0.16238542 0.08323437 0.18718750
39 0.91067969 0.50054167 0.02807813 0.07566667
39 0.89634375 0.49702083 0.02500000 0.08575000
39 0.88391406 0.48525000 0.02751563 0.10954167
39 0.90357031 0.44666667 0.01357813 0.03458333
56 0.67419531 0.81612500 0.23226563 0.33333333
56 0.29014062 0.70042708 0.17618750 0.33835417
56 0.30470312 0.51271875 0.04759375 0.13081250
60 0.45970313 0.61412500 0.34412500 0.16941667
41 0.55825000 0.55443750 0.04000000 0.04658333
42 0.48666406 0.62828125 0.08110937 0.04297917
43 0.41517969 0.57640625 0.06395313 0.02422917
45 0.90564062 0.56915625 0.08196875 0.06939583
69 0.48600000 0.48042708 0.21368750 0.13085417
71 0.27287500 0.43167708 0.05190625 0.03556250
75 0.17289844 0.22143750 0.03342188 0.07104167
43 0.57978906 0.60743750 0.02570312 0.01141667
44 0.58037500 0.60960417 0.02318750 0.01241667
46 0.02078906 0.95844792 0.04014062 0.03852083
46 0.01747656 0.90907292 0.03407813 0.01622917
56 0.67950781 0.56943750 0.10682813 0.26666667
41 0.44004688 0.52881250 0.04321875 0.06187500
50 0.07572656 0.96963542 0.07501563 0.03468750
