57 0.46110156 0.65414583 0.76770312 0.50858333
0 0.70637500 0.55293750 0.19128125 0.39150000
0 0.48792187 0.57752083 0.19381250 0.36854167
60 0.60505469 0.86741667 0.78201562 0.24270833
40 0.44903906 0.75355208 0.04026562 0.11839583
40 0.71181250 0.73175000 0.03550000 0.11041667
40 0.01358594 0.57265625 0.02717188 0.09160417
41 0.91067969 0.53534375 0.02889063 0.05589583
42 0.51779687 0.78714583 0.07325000 0.02854167
42 0.78253125 0.77066667 0.05128125 0.04029167
45 0.46175000 0.96606250 0.09603125 0.06779167
45 0.63042188 0.86520833 0.13450000 0.11900000
45 0.32589062 0.92648958 0.16165625 0.14702083
45 0.81763281 0.52662500 0.03001563 0.02937500
51 0.90147656 0.93745833 0.06226563 0.07154167
51 0.75943750 0.87020833 0.05490625 0.04820833
73 0.61105469 0.37415625 0.01923438 0.08456250
73 0.57605469 0.37970833 0.02157813 0.07291667
73 0.59640625 0.37561458 0.02053125 0.07681250
73 0.63660938 0.78478125 0.08403125 0.06097917
73 0.59782031 0.96493750 0.08842187 0.07012500
73 0.86710156 0.52150000 0.06542188 0.02487500
73 0.59045313 0.37800000 0.01568750 0.07354167
73 0.62567969 0.37503125 0.01114062 0.08002083
75 0.33508594 0.10406250 0.03473437 0.04691667
0 0.30000000 0.59325000 0.22921875 0.40000000
43 0.45701563 0.91523958 0.09675000 0.02560417
45 0.83041406 0.89242708 0.07670312 0.09056250
45 0.46970312 0.88710417 0.12828125 0.10383333
45 0.03079688 0.57976042 0.03321875 0.03531250
67 0.32600781 0.64061458 0.02151563 0.01247917
73 0.58200781 0.37959375 0.01645312 0.07168750
73 0.56725000 0.38407292 0.02021875 0.06493750
21 0.53218750 0.20240625 0.02890625 0.03406250
43 0.47980469 0.89969792 0.09332813 0.01252083
56 0.97470312 0.66413542 0.05059375 0.26097917
45 0.83173437 0.91151042 0.21315625 0.17697917
